"","scenario","n_mean","n_max","p_mean","p_max","n_viol","p_viol","1","2","3","4","5","6","7","8"
"Rot1y6_high","sc1",3.58279225175434,220.634739931188,0.00723929811575439,0.319393847399312,0.579166666666667,0.00416666666666667,380.633941317371,321.252929700146,285.469947280774,260.868063378937,243.327424603391,230.515949118376,220.908326779107,213.507079985402
"Rot1y6_base","sc2",3.44230275323912,218.392509431666,0.00721056144609612,0.317875035495517,0.575,0.00416666666666667,370.268314997684,302.709541664996,260.336206438901,231.522003931267,211.442562841871,197.08414020971,186.486439487899,178.414487830406
"Rot1y6_low","sc3",3.32432677310719,222.011784511784,0.00717247671422072,0.317091368227732,0.575,0.00416666666666667,355.847103355036,276.64457628707,226.362807319808,193.296123418659,170.944975776293,155.30882968239,143.941314505457,135.37479194669
"Rot1_high","sc4",3.38976872789097,218.263090676884,0.0071284110277727,0.317177522349936,0.558333333333333,0.00416666666666667,350.841762966168,265.946736437144,216.582947965064,185.171889754022,164.049970000607,149.190830605139,138.321446919402,130.09480563981
"Rot1_base","sc5",3.33509104849615,223.983591057431,0.00710591142257867,0.316055143806997,0.558333333333333,0.00416666666666667,343.224346281674,251.721626006519,197.273842489868,162.848119894713,140.087416387134,124.344709553092,112.974769255627,104.442524955083
"Rot1_low","sc6",3.24410060112677,219.602492173842,0.00708688017247563,0.315873124771314,0.558333333333333,0.00416666666666667,332.668573604037,232.084556589221,172.076569558569,135.023467817805,111.042666608527,94.6947399052476,82.9907881312212,74.2532758820862
"Rot6_high","sc7",3.29370962174763,234.436712170266,0.00695426589608598,0.33300234749619,0.5625,0.00416666666666667,287.050807899019,179.767919176482,100.050397638173,53.3087599336789,25.7601678203977,8.0567245171185,-4.19834346635809,-13.1683412913344
"Rot6_base","sc8",3.24710554794127,236.395496671016,0.00695120356074568,0.333874223515898,0.558333333333333,0.00416666666666667,284.309068664709,175.453346960936,94.2252136187108,46.2838260937278,17.8339156031122,-0.533947600645998,-13.2794063575601,-22.6152131091167
"Rot6_low","sc9",3.21897632788384,241.997015125599,0.00694904581285835,0.334191344982169,0.558333333333333,0.00416666666666667,280.44365730347,169.023528395556,85.443527744122,35.8750588139051,6.37218972419477,-12.6692983807168,-25.8515364658283,-35.4774953631028
"base","scbase",3.10510955014629,232.495830675039,0.00684167923362407,0.329628510347761,0.5375,0.00416666666666667,257.220473555428,124.3524000611,30.9898919142668,-22.5932774757253,-53.7388405830577,-73.4983798489656,-87.0201996341448,-96.8187561851092
